(1000, 1.843837022781372)
(2000, 1.5571014881134033)
(3000, 1.2016217708587646)
(4000, 0.8874266147613525)
(5000, 1.1961417198181152)
(6000, 0.9970956444740295)
(7000, 0.4720824062824249)
(1000, 1.1046355962753296)
(2000, 2.482618570327759)
(3000, 0.900118350982666)
(4000, 0.9136389493942261)
(5000, 0.7972183227539062)
(6000, 0.45476943254470825)
(7000, 0.9226243495941162)
(1000, 0.15961718559265137)
(2000, 0.6221882700920105)
(3000, 0.9027307033538818)
(4000, 0.966130256652832)
(5000, 1.1175416707992554)
(6000, 1.2576148509979248)
(7000, 1.504638910293579)
(1000, 1.056591272354126)
(2000, 0.8108757734298706)
(3000, 0.20940138399600983)
(4000, 1.0646097660064697)
(5000, 0.34296438097953796)
(6000, 0.3646664023399353)
(7000, 0.6217987537384033)
